date,total_count,proportion,ci_lower,ci_upper
2019-12-23,1,0,0,0
2019-12-26,2,0,0,0
2019-12-30,13,0,0,0
2019-12-31,1,0,0,0
2020-01-01,3,0,0,0
2020-01-02,2,0,0,0
2020-01-03,1,0,0,0
2020-01-04,1,0,0,0
2020-01-05,1,0,0,0
2020-01-07,1,0,0,0
2020-01-08,2,0,0,0
2020-01-10,14,0,0,0
2020-01-11,1,0,0,0
2020-01-12,2,0,0,0
2020-01-13,1,0,0,0
2020-01-14,2,0,0,0
2020-01-15,0,0,0,0
2020-01-16,9,0,0,0
2020-01-17,2,0,0,0
2020-01-19,9,0,0,0
2020-01-20,5,0,0,0
2020-01-21,8,0,0,0
2020-01-22,25,0,0,0
2020-01-23,13,0,0,0
2020-01-24,9,0,0,0
2020-01-25,25,0,0,0
2020-01-26,16,0,0,0
2020-01-27,19,0,0,0
2020-01-28,11,0,0,0
2020-01-29,45,0,0,0
2020-01-30,22,0,0,0
2020-01-31,16,0,0,0
2020-02-01,18,0,0,0
2020-02-02,18,0,0,0
2020-02-03,23,0,0,0
2020-02-04,10,0,0,0
2020-02-05,16,0,0,0
2020-02-06,32,0,0,0
2020-02-07,29,0,0,0
2020-02-08,27,0,0,0
2020-02-09,25,0,0,0
2020-02-10,22,0,0,0
2020-02-11,25,0,0,0
2020-02-12,12,0,0,0
2020-02-13,15,0,0,0
2020-02-14,10,0,0,0
2020-02-15,39,0,0,0
2020-02-16,36,0,0,0
2020-02-17,47,0,0,0
2020-02-18,23,0,0,0
2020-02-19,16,0,0,0
2020-02-20,11,0,0,0
2020-02-21,16,0,0,0
2020-02-22,13,0,0,0
2020-02-23,12,0,0,0
2020-02-24,31,0,0,0
2020-02-25,35,0,0,0
2020-02-26,29,0,0,0
2020-02-27,62,0,0,0
2020-02-28,69,0,0,0
2020-02-29,83,0,0,0
2020-03-01,149,0,0,0
2020-03-02,204,0,0,0
2020-03-03,225,0,0,0
2020-03-04,233,0,0,0
2020-03-05,242,0,0,0
2020-03-06,206,0,0,0
2020-03-07,176,0,0,0
2020-03-08,209,0,0,0
2020-03-09,377,0,0,0
2020-03-10,422,0,0,0
2020-03-11,523,0,0,0
2020-03-12,718,0,0,0
2020-03-13,812,0,0,0
2020-03-14,835,0,0,0
2020-03-15,978,0,0,0
2020-03-16,1232,0,0,0
2020-03-17,1165,0,0,0
2020-03-18,1163,0,0,0
2020-03-19,1144,0,0,0
2020-03-20,1114,0,0,0
2020-03-21,974,0,0,0
2020-03-22,854,0,0,0
2020-03-23,1655,0,0,0
2020-03-24,1780,0,0,0
2020-03-25,1643,0,0,0
2020-03-26,1678,0,0,0
2020-03-27,1687,0,0,0
2020-03-28,1354,0,0,0
2020-03-29,1251,0,0,0
2020-03-30,1803,0,0,0
2020-03-31,1876,0,0,0
2020-04-01,1872,0,0,0
2020-04-02,1546,0,0,0
2020-04-03,1643,0,0,0
2020-04-04,1242,0,0,0
2020-04-05,986,0,0,0
2020-04-06,1705,0,0,0
2020-04-07,1454,0,0,0
2020-04-08,1516,0,0,0
2020-04-09,1139,0,0,0
2020-04-10,1240,0,0,0
2020-04-11,1014,0,0,0
2020-04-12,845,0,0,0
2020-04-13,1323,0,0,0
2020-04-14,1232,0,0,0
2020-04-15,1161,0,0,0
2020-04-16,1140,0,0,0
2020-04-17,1002,0,0,0
2020-04-18,771,0,0,0
2020-04-19,657,0,0,0
2020-04-20,1114,0,0,0
2020-04-21,1083,0,0,0
2020-04-22,1102,0,0,0
2020-04-23,942,0,0,0
2020-04-24,912,0,0,0
2020-04-25,558,0,0,0
2020-04-26,472,0,0,0
2020-04-27,1049,0,0,0
2020-04-28,886,0,0,0
2020-04-29,1105,0,0,0
2020-04-30,1105,0,0,0
2020-05-01,1005,0,0,0
2020-05-02,604,0,0,0
2020-05-03,504,0,0,0
2020-05-04,1000,0,0,0
2020-05-05,957,0,0,0
2020-05-06,798,0,0,0
2020-05-07,739,0,0,0
2020-05-08,653,0,0,0
2020-05-09,496,0,0,0
2020-05-10,449,0,0,0
2020-05-11,789,0,0,0
2020-05-12,769,0,0,0
2020-05-13,762,0,0,0
2020-05-14,770,0,0,0
2020-05-15,516,0,0,0
2020-05-16,292,0,0,0
2020-05-17,245,0,0,0
2020-05-18,568,0,0,0
2020-05-19,668,0,0,0
2020-05-20,499,0,0,0
2020-05-21,478,0,0,0
2020-05-22,611,0,0,0
2020-05-23,277,0,0,0
2020-05-24,271,0,0,0
2020-05-25,299,0,0,0
2020-05-26,538,0,0,0
2020-05-27,536,0,0,0
2020-05-28,340,0,0,0
2020-05-29,368,0,0,0
2020-05-30,280,0,0,0
2020-05-31,213,0,0,0
2020-06-01,502,0,0,0
2020-06-02,594,0,0,0
2020-06-03,401,0,0,0
2020-06-04,447,0,0,0
2020-06-05,397,0,0,0
2020-06-06,224,0,0,0
2020-06-07,356,0,0,0
2020-06-08,622,0,0,0
2020-06-09,531,0,0,0
2020-06-10,587,0,0,0
2020-06-11,748,0,0,0
2020-06-12,677,0,0,0
2020-06-13,641,0,0,0
2020-06-14,565,0,0,0
2020-06-15,848,0,0,0
2020-06-16,760,0,0,0
2020-06-17,668,0,0,0
2020-06-18,715,0,0,0
2020-06-19,733,0,0,0
2020-06-20,418,0,0,0
2020-06-21,476,0,0,0
2020-06-22,561,0,0,0
2020-06-23,615,0,0,0
2020-06-24,704,0,0,0
2020-06-25,568,0,0,0
2020-06-26,465,0,0,0
2020-06-27,371,0,0,0
2020-06-28,279,0,0,0
2020-06-29,595,0,0,0
2020-06-30,574,0,0,0
2020-07-01,625,0,0,0
2020-07-02,747,0,0,0
2020-07-03,519,0,0,0
2020-07-04,324,0,0,0
2020-07-05,296,0,0,0
2020-07-06,659,0,0,0
2020-07-07,726,0,0,0
2020-07-08,816,0,0,0
2020-07-09,752,0,0,0
2020-07-10,557,0,0,0
2020-07-11,363,0,0,0
2020-07-12,314,0,0,0
2020-07-13,706,0,0,0
2020-07-14,724,0,0,0
2020-07-15,917,0,0,0
2020-07-16,707,0,0,0
2020-07-17,693,0,0,0
2020-07-18,574,0,0,0
2020-07-19,435,0,0,0
2020-07-20,671,0,0,0
2020-07-21,769,0,0,0
2020-07-22,636,0,0,0
2020-07-23,814,0,0,0
2020-07-24,666,0,0,0
2020-07-25,460,0,0,0
2020-07-26,321,0,0,0
2020-07-27,813,0,0,0
2020-07-28,678,0,0,0
2020-07-29,679,0,0,0
2020-07-30,610,0,0,0
2020-07-31,567,0,0,0
2020-08-01,521,0,0,0
2020-08-02,435,0,0,0
2020-08-03,902,0,0,0
2020-08-04,741,0,0,0
2020-08-05,592,0,0,0
2020-08-06,705,0,0,0
2020-08-07,569,0,0,0
2020-08-08,394,0,0,0
2020-08-09,442,0,0,0
2020-08-10,797,0,0,0
2020-08-11,758,0,0,0
2020-08-12,683,0,0,0
2020-08-13,776,0,0,0
2020-08-14,711,0,0,0
2020-08-15,406,0,0,0
2020-08-16,362,0,0,0
2020-08-17,856,0,0,0
2020-08-18,778,0,0,0
2020-08-19,755,0,0,0
2020-08-20,926,0,0,0
2020-08-21,765,0,0,0
2020-08-22,355,0,0,0
2020-08-23,352,0,0,0
2020-08-24,678,0,0,0
2020-08-25,722,0,0,0
2020-08-26,974,0,0,0
2020-08-27,904,0,0,0
2020-08-28,742,0,0,0
2020-08-29,534,0,0,0
2020-08-30,649,0,0,0
2020-08-31,1029,0,0,0
2020-09-01,931,0,0,0
2020-09-02,760,0,0,0
2020-09-03,943,0,0,0
2020-09-04,809,0,0,0
2020-09-05,439,0,0,0
2020-09-06,311,0,0,0
2020-09-07,892,0,0,0
2020-09-08,828,0,0,0
2020-09-09,1384,0,0,0
2020-09-10,1664,0,0,0
2020-09-11,888,0,0,0
2020-09-12,378,0,0,0
2020-09-13,357,0,0,0
2020-09-14,832,0,0,0
2020-09-15,826,0,0,0
2020-09-16,1964,0,0,0
2020-09-17,967,0,0,0
2020-09-18,1260,0,0,0
2020-09-19,798,0,0,0
2020-09-20,689,0,0,0
2020-09-21,1485,0,0,0
2020-09-22,1042,0,0,0
2020-09-23,1341,0,0,0
2020-09-24,2604,0,0,0
2020-09-25,1134,0,0,0
2020-09-26,494,0,0,0
2020-09-27,1070,0,0,0
2020-09-28,813,0,0,0
2020-09-29,1246,0,0,0
2020-09-30,1107,0,0,0
2020-10-01,2125,0.00047058823529411766,8.16512964901204e-05,0.0026154988552107247
2020-10-02,1420,0,0,0
2020-10-03,1244,0,0,0
2020-10-04,677,0,0,0
2020-10-05,2263,0,0,0
2020-10-06,1988,0,0,0
2020-10-07,2009,0,0,0
2020-10-08,1861,0,0,0
2020-10-09,1576,0,0,0
2020-10-10,829,0,0,0
2020-10-11,999,0,0,0
2020-10-12,2132,0,0,0
2020-10-13,1575,0,0,0
2020-10-14,1939,0,0,0
2020-10-15,2520,0,0,0
2020-10-16,1505,0,0,0
2020-10-17,1231,0,0,0
2020-10-18,750,0,0,0
2020-10-19,1921,0,0,0
2020-10-20,2111,0,0,0
2020-10-21,2474,0,0,0
2020-10-22,1991,0,0,0
2020-10-23,1479,0,0,0
2020-10-24,1535,0,0,0
2020-10-25,812,0,0,0
2020-10-26,2660,0,0,0
2020-10-27,1731,0,0,0
2020-10-28,1365,0,0,0
2020-10-29,2086,0,0,0
2020-10-30,2190,0,0,0
2020-10-31,1015,0,0,0
2020-11-01,2513,0,0,0
2020-11-02,3668,0,0,0
2020-11-03,2181,0,0,0
2020-11-04,3281,0,0,0
2020-11-05,2957,0,0,0
2020-11-06,2283,0,0,0
2020-11-07,1751,0,0,0
2020-11-08,2614,0,0,0
2020-11-09,2939,0,0,0
2020-11-10,2256,0,0,0
2020-11-11,2574,0,0,0
2020-11-12,3199,0,0,0
2020-11-13,2925,0,0,0
2020-11-14,2653,0,0,0
2020-11-15,1483,0,0,0
2020-11-16,1680,0,0,0
2020-11-17,2104,0,0,0
2020-11-18,2924,0,0,0
2020-11-19,1332,0,0,0
2020-11-20,1860,0,0,0
2020-11-21,1478,0,0,0
2020-11-22,1705,0,0,0
2020-11-23,2177,0,0,0
2020-11-24,1761,0,0,0
2020-11-25,1662,0,0,0
2020-11-26,1112,0,0,0
2020-11-27,1569,0,0,0
2020-11-28,880,0,0,0
2020-11-29,822,0,0,0
2020-11-30,2347,0,0,0
2020-12-01,2537,0,0,0
2020-12-02,2216,0,0,0
2020-12-03,1912,0,0,0
2020-12-04,1570,0,0,0
2020-12-05,891,0,0,0
2020-12-06,1120,0,0,0
2020-12-07,2511,0,0,0
2020-12-08,2218,0,0,0
2020-12-09,2240,0,0,0
2020-12-10,4226,0,0,0
2020-12-11,3562,0,0,0
2020-12-12,2034,0,0,0
2020-12-13,1939,0,0,0
2020-12-14,3976,0,0,0
2020-12-15,4175,0,0,0
2020-12-16,3588,0,0,0
2020-12-17,3242,0,0,0
2020-12-18,3291,0,0,0
2020-12-19,2586,0,0,0
2020-12-20,1978,0,0,0
2020-12-21,3218,0,0,0
2020-12-22,2772,0,0,0
2020-12-23,2312,0,0,0
2020-12-24,2092,0,0,0
2020-12-25,1088,0,0,0
2020-12-26,2984,0,0,0
2020-12-27,2559,0,0,0
2020-12-28,3243,0,0,0
2020-12-29,4015,0,0,0
2020-12-30,3106,0,0,0
2020-12-31,2733,0,0,0
2021-01-01,1858,0,0,0
2021-01-02,3676,0,0,0
2021-01-03,3040,0,0,0
2021-01-04,5259,0,0,0
2021-01-05,4722,0,0,0
2021-01-06,3185,0,0,0
2021-01-07,3474,0,0,0
2021-01-08,4200,0,0,0
2021-01-09,3948,0,0,0
2021-01-10,2729,0,0,0
2021-01-11,5099,0,0,0
2021-01-12,5263,0,0,0
2021-01-13,4114,0,0,0
2021-01-14,4534,0,0,0
2021-01-15,5026,0,0,0
2021-01-16,3718,0,0,0
2021-01-17,3273,0,0,0
2021-01-18,5538,0,0,0
2021-01-19,5562,0,0,0
2021-01-20,4989,0,0,0
2021-01-21,4759,0,0,0
2021-01-22,4714,0,0,0
2021-01-23,3218,0,0,0
2021-01-24,2814,0,0,0
2021-01-25,7437,0,0,0
2021-01-26,5941,0,0,0
2021-01-27,5757,0,0,0
2021-01-28,5699,0.00017546938059308652,3.0061942874685438e-05,0.0009641105344773248
2021-01-29,6412,0,0,0
2021-01-30,4207,0,0,0
2021-01-31,3435,0,0,0
2021-02-01,5817,0,0,0
2021-02-02,5300,0,0,0
2021-02-03,4301,0,0,0
2021-02-04,4563,0,0,0
2021-02-05,4429,0,0,0
2021-02-06,3457,0,0,0
2021-02-07,3128,0,0,0
2021-02-08,7014,0,0,0
2021-02-09,6980,0,0,0
2021-02-10,7036,0,0,0
2021-02-11,6518,0.00015342129487572875,2.6370372339832316e-05,0.0008457911908718147
2021-02-12,6041,0,0,0
2021-02-13,4429,0,0,0
2021-02-14,4241,0,0,0
2021-02-15,7846,0,0,0
2021-02-16,7495,0,0,0
2021-02-17,5849,0,0,0
2021-02-18,5321,0,0,0
2021-02-19,5776,0,0,0
2021-02-20,4624,0,0,0
2021-02-21,4855,0,0,0
2021-02-22,8236,0,0,0
2021-02-23,6475,0,0,0
2021-02-24,6993,0,0,0
2021-02-25,7252,0,0,0
2021-02-26,6281,0,0,0
2021-02-27,4115,0,0,0
2021-02-28,3879,0,0,0
2021-03-01,7648,0.0002615062761506276,6.963971727912383e-05,0.000925507190242469
2021-03-02,7117,0,0,0
2021-03-03,7593,0,0,0
2021-03-04,6393,0,0,0
2021-03-05,6424,0,0,0
2021-03-06,4061,0,0,0
2021-03-07,3777,0,0,0
2021-03-08,8716,0,0,0
2021-03-09,7938,0,0,0
2021-03-10,8399,0.00011906179307060365,2.0402512145217242e-05,0.0006544712055069172
2021-03-11,7861,0,0,0
2021-03-12,8394,0,0,0
2021-03-13,5680,0,0,0
2021-03-14,4820,0,0,0
2021-03-15,10517,0,0,0
2021-03-16,9621,0,0,0
2021-03-17,8196,0.00012201073694485115,2.0967170073260983e-05,0.0006725754937232421
2021-03-18,8651,0,0,0
2021-03-19,7617,0,0,0
2021-03-20,6363,0,0,0
2021-03-21,5865,0,0,0
2021-03-22,10821,9.24129008409574e-05,1.593590170713585e-05,0.0005112442720442874
2021-03-23,9098,0,0,0
2021-03-24,8909,0.00011224604332697273,1.9336444666722046e-05,0.0006202892332821872
2021-03-25,9676,0,0,0
2021-03-26,7839,0,0,0
2021-03-27,5868,0,0,0
2021-03-28,4934,0,0,0
2021-03-29,11250,0,0,0
2021-03-30,9932,0,0,0
2021-03-31,9418,0.00010617965597791463,1.8359051752568988e-05,0.0005889490049681073
2021-04-01,10228,0,0,0
2021-04-02,7149,0,0,0
2021-04-03,6111,0,0,0
2021-04-04,4322,0,0,0
2021-04-05,8511,0.00011749500646222535,2.0278290606803387e-05,0.0006504883013587687
2021-04-06,8815,0,0,0
2021-04-07,9083,0.0001100957833314984,1.875702175879523e-05,0.0006017101351182785
2021-04-08,8871,0,0,0
2021-04-09,8620,0,0,0
2021-04-10,6611,0,0,0
2021-04-11,5154,0,0,0
2021-04-12,10248,0,0,0
2021-04-13,10774,0,0,0
2021-04-14,9565,0.00010454783063251438,1.7616985121276775e-05,0.0005651535965686813
2021-04-15,8768,0,0,0
2021-04-16,8942,0,0,0
2021-04-17,5649,0,0,0
2021-04-18,3851,0,0,0
2021-04-19,9541,0.00010481081647626035,1.7352025771971612e-05,0.0005566571049194208
2021-04-20,9140,0,0,0
2021-04-21,8140,0,0,0
2021-04-22,8368,0,0,0
2021-04-23,7707,0,0,0
2021-04-24,5006,0,0,0
2021-04-25,3762,0,0,0
2021-04-26,9143,0.00010937329104232747,1.8381993693172382e-05,0.0005896846574734296
2021-04-27,9039,0,0,0
2021-04-28,7695,0,0,0
2021-04-29,8266,0,0,0
2021-04-30,7786,0,0,0
2021-05-01,4411,0.00022670596236681024,3.852570369303731e-05,0.0012353080894323075
2021-05-02,3427,0,0,0
2021-05-03,8943,0,0,0
2021-05-04,8217,0,0,0
2021-05-05,7424,0,0,0
2021-05-06,7065,0,0,0
2021-05-07,6686,0,0,0
2021-05-08,3957,0,0,0
2021-05-09,2911,0,0,0
2021-05-10,8483,0,0,0
2021-05-11,7043,0.0001419849495953429,2.4435635851973337e-05,0.0007837724466273106
2021-05-12,6351,0,0,0
2021-05-13,4837,0,0,0
2021-05-14,4874,0,0,0
2021-05-15,3831,0,0,0
2021-05-16,2390,0,0,0
2021-05-17,8014,0,0,0
2021-05-18,6152,0,0,0
2021-05-19,5805,0,0,0
2021-05-20,5307,0,0,0
2021-05-21,4433,0,0,0
2021-05-22,3069,0,0,0
2021-05-23,2248,0,0,0
2021-05-24,6758,0,0,0
2021-05-25,5465,0,0,0
2021-05-26,5620,0,0,0
2021-05-27,5064,0,0,0
2021-05-28,4987,0,0,0
2021-05-29,3968,0,0,0
2021-05-30,3138,0,0,0
2021-05-31,7428,0,0,0
2021-06-01,6936,0.00043252595155709344,0.00013721371810700793,0.0011856101441644685
2021-06-02,6174,0,0,0
2021-06-03,5526,0,0,0
2021-06-04,5572,0,0,0
2021-06-05,4628,0,0,0
2021-06-06,3861,0,0,0
2021-06-07,9090,0,0,0
2021-06-08,6156,0,0,0
2021-06-09,4863,0,0,0
2021-06-10,3873,0,0,0
2021-06-11,3601,0,0,0
2021-06-12,2007,0,0,0
2021-06-13,1880,0,0,0
2021-06-14,4981,0,0,0
2021-06-15,5507,0,0,0
2021-06-16,5095,0,0,0
2021-06-17,4558,0.00021939447125932427,3.703831106630684e-05,0.0011876564460929244
2021-06-18,5519,0,0,0
2021-06-19,3144,0,0,0
2021-06-20,3151,0,0,0
2021-06-21,5817,0,0,0
2021-06-22,6953,0,0,0
2021-06-23,5758,0,0,0
2021-06-24,5720,0,0,0
2021-06-25,5018,0,0,0
2021-06-26,5960,0,0,0
2021-06-27,5061,0,0,0
2021-06-28,7554,0,0,0
2021-06-29,9393,0,0,0
2021-06-30,7622,0,0,0
2021-07-01,7767,0,0,0
2021-07-02,6673,0,0,0
2021-07-03,4583,0,0,0
2021-07-04,6188,0,0,0
2021-07-05,8858,0,0,0
2021-07-06,8109,0,0,0
2021-07-07,8836,0,0,0
2021-07-08,7905,0,0,0
2021-07-09,7492,0,0,0
2021-07-10,5667,0,0,0
2021-07-11,6005,0,0,0
2021-07-12,9320,0,0,0
2021-07-13,8951,0.00022343872193051055,5.696110212025397e-05,0.000757087371385217
2021-07-14,10005,0,0,0
2021-07-15,9027,0,0,0
2021-07-16,10196,0,0,0
2021-07-17,7282,0,0,0
2021-07-18,6806,0,0,0
2021-07-19,12766,7.833307222309259e-05,1.2657505962367837e-05,0.0004060999371329
2021-07-20,13325,0,0,0
2021-07-21,12261,0,0,0
2021-07-22,13207,0,0,0
2021-07-23,12786,0,0,0
2021-07-24,10535,0,0,0
2021-07-25,10739,0,0,0
2021-07-26,15763,0.00012687940112922667,3.242511304225943e-05,0.0004310581552212131
2021-07-27,15436,0,0,0
2021-07-28,14568,0,0,0
2021-07-29,16309,0,0,0
2021-07-30,15350,0,0,0
2021-07-31,11746,0,0,0
2021-08-01,10241,0,0,0
2021-08-02,17374,0.00017267180844940716,5.4774240856840184e-05,0.00047346813333628266
2021-08-03,18020,0,0,0
2021-08-04,17592,0,0,0
2021-08-05,17075,0.00017569546120058566,5.425575772028339e-05,0.0004689875237798384
2021-08-06,16545,0,0,0
2021-08-07,12442,0,0,0
2021-08-08,9793,0,0,0
2021-08-09,17626,0,0,0
2021-08-10,17901,0,0,0
2021-08-11,15124,0,0,0
2021-08-12,15636,0,0,0
2021-08-13,12522,0,0,0
2021-08-14,10567,0,0,0
2021-08-15,10668,0,0,0
2021-08-16,18548,0,0,0
2021-08-17,18798,0,0,0
2021-08-18,18136,0,0,0
2021-08-19,15474,0,0,0
2021-08-20,15343,0,0,0
2021-08-21,11158,8.962179602079225e-05,1.483127598125119e-05,0.00047581862482038557
2021-08-22,9859,0,0,0
2021-08-23,18650,5.361930294906166e-05,8.796148149671642e-06,0.0002822384323543913
2021-08-24,20018,4.995504046358277e-05,8.272226268125436e-06,0.0002654307843000642
2021-08-25,17665,5.660911406736485e-05,9.2506633070081e-06,0.0002968191512931508
2021-08-26,18316,5.4597073596855206e-05,9.131506000831841e-06,0.00029299664797380424
2021-08-27,17755,5.632216277105041e-05,9.451259945851021e-06,0.00030325413765250987
2021-08-28,12100,0,0,0
2021-08-29,9064,0.00011032656663724625,1.7962982971895024e-05,0.0005762486051794185
2021-08-30,20205,0,0,0
2021-08-31,23723,4.2153184673102054e-05,7.033545176437413e-06,0.00022569171930234406
2021-09-01,19264,0,0,0
2021-09-02,20261,4.935590543408519e-05,8.254046296144257e-06,0.00026484755535386513
2021-09-03,17473,5.7231156641675726e-05,9.574290676871958e-06,0.0003072008395861633
2021-09-04,12898,0,0,0
2021-09-05,9720,0.00010288065843621399,1.716974376583095e-05,0.0005508117796443109
2021-09-06,15638,0,0,0
2021-09-07,24365,0,0,0
2021-09-08,21723,9.206831468949961e-05,2.3484970206703186e-05,0.00031223098053422487
2021-09-09,20708,0,0,0
2021-09-10,19893,0,0,0
2021-09-11,12625,0,0,0
2021-09-12,11009,0.0001816695431010991,4.678625553169759e-05,0.0006219018932022291
2021-09-13,21338,0,0,0
2021-09-14,19818,0,0,0
2021-09-15,16862,0,0,0
2021-09-16,18173,0,0,0
2021-09-17,18400,0,0,0
2021-09-18,11413,8.761938140716727e-05,1.4880034793323877e-05,0.0004773823714058118
2021-09-19,10548,0,0,0
2021-09-20,20735,0,0,0
2021-09-21,19948,0.00010026067776218167,2.627395762799009e-05,0.00034930243450288366
2021-09-22,14593,0,0,0
2021-09-23,16042,0,0,0
2021-09-24,17595,0,0,0
2021-09-25,9755,0,0,0
2021-09-26,9563,0,0,0
2021-09-27,19676,0,0,0
2021-09-28,18483,0,0,0
2021-09-29,18633,0,0,0
2021-09-30,16258,6.150818058801821e-05,1.039277588083266e-05,0.000333456448070964
2021-10-01,14283,0,0,0
2021-10-02,9941,0,0,0
2021-10-03,10356,0,0,0
2021-10-04,19686,0,0,0
2021-10-05,18259,5.476751191193384e-05,9.166596398068526e-06,0.00029412233153745836
2021-10-06,16296,0,0,0
2021-10-07,17466,0,0,0
2021-10-08,15473,0,0,0
2021-10-09,12086,0,0,0
2021-10-10,10688,0,0,0
2021-10-11,17388,5.7510927076144466e-05,9.533955831811646e-06,0.0003059069408601283
2021-10-12,18110,0,0,0
2021-10-13,15399,6.493928177154361e-05,1.0872889291995044e-05,0.0003488572037708008
2021-10-14,15949,0,0,0
2021-10-15,14924,0,0,0
2021-10-16,10366,0,0,0
2021-10-17,9603,0,0,0
2021-10-18,19219,0,0,0
2021-10-19,18608,0,0,0
2021-10-20,16216,0,0,0
2021-10-21,15897,0,0,0
2021-10-22,16267,0,0,0
2021-10-23,14187,0,0,0
2021-10-24,11429,0,0,0
2021-10-25,20403,0,0,0
2021-10-26,18764,0,0,0
2021-10-27,18599,0,0,0
2021-10-28,17410,5.743825387708214e-05,9.80891454756628e-06,0.00031472727470423245
2021-10-29,16118,0,0,0
2021-10-30,13200,0,0,0
2021-10-31,13640,0,0,0
2021-11-01,19142,0,0,0
2021-11-02,19932,0,0,0
2021-11-03,21958,4.554148829583751e-05,7.785171392719311e-06,0.00024980548044427033
2021-11-04,20101,0,0,0
2021-11-05,19516,0.00010248001639680262,2.737691973891413e-05,0.00036396263451726887
2021-11-06,13592,7.357268981753973e-05,1.2698480916033936e-05,0.000407414179698525
2021-11-07,13648,0,0,0
2021-11-08,25166,0,0,0
2021-11-09,22400,0,0,0
2021-11-10,23019,0,0,0
2021-11-11,20095,0,0,0
2021-11-12,18279,0,0,0
2021-11-13,15634,0,0,0
2021-11-14,12425,0,0,0
2021-11-15,24243,0,0,0
2021-11-16,23745,0,0,0
2021-11-17,21180,0,0,0
2021-11-18,20681,0,0,0
2021-11-19,17326,0,0,0
2021-11-20,15981,0,0,0
2021-11-21,14993,0,0,0
2021-11-22,26405,0,0,0
2021-11-23,22049,0,0,0
2021-11-24,20611,0,0,0
2021-11-25,14284,0,0,0
2021-11-26,20698,0,0,0
2021-11-27,14354,0,0,0
2021-11-28,16829,0,0,0
2021-11-29,33103,0,0,0
2021-11-30,25892,0,0,0
2021-12-01,23571,0,0,0
2021-12-02,21955,0.00013664313368253245,4.523498077984131e-05,0.0003910285550215715
2021-12-03,20227,0,0,0
2021-12-04,17611,0,0,0
2021-12-05,16435,6.0845756008518406e-05,1.041055086884289e-05,0.0003340266283085852
2021-12-06,32051,0,0,0
2021-12-07,26031,0,0,0
2021-12-08,23447,4.264937945152898e-05,7.234166963665778e-06,0.00023212817333523623
2021-12-09,20852,9.59140610013428e-05,2.5078577597090643e-05,0.00033341354936427495
2021-12-10,19286,0.00041480866950119257,0.0001999317267524351,0.0007784103160156518
2021-12-11,14037,0.00042744176106005556,0.00018831806148189361,0.0008962148193292463
2021-12-12,14015,0.00028540849090260434,0.00010674327822339614,0.0007056137689986852
2021-12-13,25978,0.0003849411040110863,0.00019810530538002995,0.000671237910808318
2021-12-14,25106,0.00035848004461085,0.00017817888792083568,0.0006435566336332129
2021-12-15,25721,0.00023327242331169085,0.00010011353371228159,0.0004765351027591808
2021-12-16,22832,0.0007445690259285214,0.0004296179971256978,0.0011016344833660642
2021-12-17,19713,0.0009638309744838432,0.0005541898034047322,0.0013515262589665685
2021-12-18,19221,0.00010405285885229697,2.613872292984969e-05,0.00034750492242934525
2021-12-19,14307,0,0,0
2021-12-20,25370,0,0,0
2021-12-21,25056,3.9910600255427844e-05,6.068508115382214e-06,0.0001947300552866679
2021-12-22,24995,4.000800160032006e-05,5.893060772627538e-06,0.00018910096042548173
2021-12-23,21667,0.0003230719527391886,0.00013243932785904708,0.000564284756844757
2021-12-24,8814,0.0003403675970047651,8.472802149899154e-05,0.0007322842161515517
2021-12-25,5744,0.0006963788300835655,0.00021669383771851186,0.0014319016150894687
2021-12-26,16287,6.13986615091791e-05,9.410949353743225e-06,0.000301961009567332
2021-12-27,28877,0.0010388890812757557,0.0006176091868357743,0.0012582178429286234
2021-12-28,27879,0.00035869292298862946,0.00016618313272130007,0.0005630997352098842
2021-12-29,30922,0.0009701830412004398,0.00058167573268225,0.00118503557590396
2021-12-30,28956,0.00024174609752728278,9.779194633929786e-05,0.0004166889064467421
2021-12-31,14703,0.0001360266612256002,2.959742613655596e-05,0.00039347605726456464
2022-01-01,10212,0,0,0
2022-01-02,20840,0,0,0
2022-01-03,35730,0,0,0
2022-01-04,36088,5.542008423852804e-05,1.3281627478352088e-05,0.00017659294759931788
2022-01-05,28463,3.5133330991111266e-05,5.443129410828834e-06,0.00017466504500906476
2022-01-06,27290,0,0,0
2022-01-07,22007,0,0,0
2022-01-08,15227,0.0038746962632166546,0.0026011134176632477,0.004323340823843449
2022-01-09,13959,0.0029371731499391075,0.0019179923678280136,0.003526446168295797
2022-01-10,28924,0,0,0
2022-01-11,29449,0,0,0
2022-01-12,24951,0,0,0
2022-01-13,25082,3.986922892911251e-05,6.302513316629802e-06,0.00020223786340747678
2022-01-14,24910,0.0011641910879164994,0.000733943147427297,0.0015132209496218664
2022-01-15,17103,0.00233877097585219,0.0015299189979204853,0.0028345938255480855
2022-01-16,15763,0.00012687940112922667,3.1817530879455356e-05,0.00042298307464286886
2022-01-17,28396,0.0004930271869277363,0.0002637344038318926,0.0007430241477854898
2022-01-18,31344,0,0,0
2022-01-19,26969,0.00040787570914753977,0.0001868501367554934,0.0005991142933295374
2022-01-20,25721,7.775747443723027e-05,1.9534379030937943e-05,0.0002597165106574965
2022-01-21,23998,0.0022501875156263024,0.001549935205140312,0.002636718353515213
2022-01-22,16412,0.002985620277845479,0.0020452046040803826,0.003571212405816181
2022-01-23,16544,0,0,0
2022-01-24,29474,0.0009499898215376264,0.0005964166247603413,0.0012454390769922952
2022-01-25,27417,0,0,0
2022-01-26,24794,0,0,0
2022-01-27,21426,0.0027069915056473445,0.0017902299812053775,0.0029893168434024643
2022-01-28,19434,0.0028300915920551613,0.0019029050976411771,0.003221207593516508
2022-01-29,15869,0.0020165101770748,0.0012208130883117857,0.0024313283037638227
2022-01-30,18980,0.0006849315068493151,0.00035558964046235835,0.0010407149250740062
2022-01-31,28598,0.0021330162948457933,0.001409734774251272,0.0023245656949969053
2022-02-01,22461,0.0006678242286630158,0.00033203975650831856,0.0009037839271928026
2022-02-02,25142,3.977408320738207e-05,6.200455947266219e-06,0.0001989634712106048
2022-02-03,25278,0,0,0
2022-02-04,21394,0.0006076470038328504,0.0002977554729685591,0.0008715018426947431
2022-02-05,17967,0.0008348639171814994,0.00045626446005165265,0.0012417721164156685
2022-02-06,18127,0.0002758316323716004,0.0001056574757375303,0.0005789655554370734
2022-02-07,28822,0,0,0
2022-02-08,27645,0,0,0
2022-02-09,24267,0,0,0
2022-02-10,22153,0,0,0
2022-02-11,22020,0.0017257039055404177,0.0011149361101190037,0.0020991900972635994
2022-02-12,17464,0.00034356390288593677,0.00014188954236269357,0.0006753263176833333
2022-02-13,15700,0.0009554140127388535,0.0005292635042721309,0.0014403507424335308
2022-02-14,29965,0,0,0
2022-02-15,26996,0,0,0
2022-02-16,22434,0,0,0
2022-02-17,25115,0.004061317937487557,0.003196636960316864,0.004706133070054725
2022-02-18,20675,0.0007255139056831923,0.00041398075266228064,0.001126736026283214
2022-02-19,17540,0.0005701254275940707,0.0002984675011121281,0.0010111621306007894
2022-02-20,15196,0,0,0
2022-02-21,26770,0,0,0
2022-02-22,24770,0.0023819136051675413,0.001783227284516929,0.002964740608792801
2022-02-23,20618,0,0,0
2022-02-24,17247,0.0023772250246419666,0.001691694794911355,0.0031106750342008655
2022-02-25,15785,0.0018371872030408616,0.0012342330466181702,0.0025440048854986704
2022-02-26,12160,0.0003289473684210526,0.00012481602862786506,0.0008250316055957059
2022-02-27,10032,0.0005980861244019139,0.00026872100803403365,0.0012786363958937627
2022-02-28,16737,0,0,0
2022-03-01,18084,0,0,0
2022-03-02,21239,0,0,0
2022-03-03,20213,0,0,0
2022-03-04,18339,0.0009269862042641365,0.0005652094572132759,0.0014491586400882574
2022-03-05,15656,0.00019161982626469086,6.422538922134927e-05,0.0005551388717792134
2022-03-06,16024,0,0,0
2022-03-07,25468,0,0,0
2022-03-08,20009,0.0029486730971063023,0.0022322494146838558,0.0037107093876122274
2022-03-09,25213,0,0,0
2022-03-10,17751,0,0,0
2022-03-11,16008,6.24687656171914e-05,1.0874898835868985e-05,0.000348921663850478
2022-03-12,13840,0.00021676300578034682,7.248942703215266e-05,0.0006265453571932769
2022-03-13,18025,0.00011095700416088766,3.0130751543585002e-05,0.00040056448776689486
2022-03-14,26636,0,0,0
2022-03-15,20334,0,0,0
2022-03-16,22109,0,0,0
2022-03-17,21944,0.0005924170616113745,0.0003421847654854973,0.0010014963025086119
2022-03-18,17705,0,0,0
2022-03-19,17219,0,0,0
2022-03-20,14520,0.0001377410468319559,3.733644121326379e-05,0.0004963293089333827
2022-03-21,22568,0,0,0
2022-03-22,19849,5.038037180714394e-05,8.781707342092758e-06,0.0002817751702609618
2022-03-23,18714,0,0,0
2022-03-24,18672,0,0,0
2022-03-25,17183,0,0,0
2022-03-26,14450,0,0,0
2022-03-27,12985,0.0003850596842510589,0.00016331317083138018,0.0008947641567522222
2022-03-28,28815,0,0,0
2022-03-29,17453,5.72967398155045e-05,1.0050173992619739e-05,0.0003224664853105926
2022-03-30,13296,7.521058965102287e-05,1.3129165967015482e-05,0.0004212279462470208
2022-03-31,10578,9.453582907922102e-05,1.647583068139708e-05,0.0005285592816121079
2022-04-01,9782,0.00010222858311183807,1.7719554666545713e-05,0.0005684426817470853
2022-04-02,8066,0.0008678403173816018,0.00041770077707434667,0.0017787719449839044
2022-04-03,7295,0,0,0
2022-04-04,16254,0,0,0
2022-04-05,12310,0,0,0
2022-04-06,12436,0,0,0
2022-04-07,13218,0.00022696323195642307,7.643771870916784e-05,0.0006606591024514427
2022-04-08,10229,0,0,0
2022-04-09,7988,0,0,0
2022-04-10,7786,0,0,0
2022-04-11,15225,0,0,0
2022-04-12,12587,0,0,0
2022-04-13,10859,9.208951100469657e-05,1.6160579599913645e-05,0.000518449531340104
2022-04-14,9586,0,0,0
2022-04-15,8800,0,0,0
2022-04-16,7859,0.0001272426517368622,2.230512637835881e-05,0.0007154716940116827
2022-04-17,5602,0,0,0
2022-04-18,11118,0,0,0
2022-04-19,13989,7.14847380084352e-05,1.252281225236112e-05,0.0004017797143802785
2022-04-20,11826,0,0,0
2022-04-21,10772,0,0,0
2022-04-22,10010,0,0,0
2022-04-23,7464,0,0,0
2022-04-24,6942,0,0,0
2022-04-25,12049,0,0,0
2022-04-26,10635,0,0,0
2022-04-27,9129,0,0,0
2022-04-28,7826,0,0,0
2022-04-29,8011,0,0,0
2022-04-30,5675,0,0,0
2022-05-01,4252,0,0,0
2022-05-02,8938,0.00011188185276348176,1.9535461260732055e-05,0.0006266705519065782
2022-05-03,9259,0.00021600604816934875,5.871737512002703e-05,0.000780419373864568
2022-05-04,8348,0,0,0
2022-05-05,8507,0.00011755025273304338,2.057852143008372e-05,0.000660114536339708
2022-05-06,8116,0,0,0
2022-05-07,5699,0,0,0
2022-05-08,4879,0,0,0
2022-05-09,10903,0.0001834357516279923,4.968531382254978e-05,0.0006604217658624473
2022-05-10,9154,0,0,0
2022-05-11,8233,0,0,0
2022-05-12,8401,0,0,0
2022-05-13,7795,0,0,0
2022-05-14,5689,0,0,0
2022-05-15,4514,0,0,0
2022-05-16,9724,0,0,0
2022-05-17,8595,0,0,0
2022-05-18,8099,0,0,0
2022-05-19,7069,0,0,0
2022-05-20,6799,0.00014708045300779526,2.5609049525141944e-05,0.0008213873495222133
2022-05-21,4987,0,0,0
2022-05-22,4991,0,0,0
2022-05-23,9070,0,0,0
2022-05-24,8767,0,0,0
2022-05-25,7837,0,0,0
2022-05-26,5703,0,0,0
2022-05-27,6736,0,0,0
2022-05-28,4485,0,0,0
2022-05-29,4595,0,0,0
2022-05-30,5264,0,0,0
2022-05-31,10502,0,0,0
2022-06-01,7787,0,0,0
2022-06-02,7337,0,0,0
2022-06-03,6556,0,0,0
2022-06-04,4843,0,0,0
2022-06-05,4825,0,0,0
2022-06-06,8761,0,0,0
2022-06-07,9424,0,0,0
2022-06-08,8538,0,0,0
2022-06-09,8048,0,0,0
2022-06-10,6943,0,0,0
2022-06-11,5205,0.00019212295869356388,3.2878390119572774e-05,0.0010543675097037164
2022-06-12,4594,0,0,0
2022-06-13,9679,0,0,0
2022-06-14,7822,0,0,0
2022-06-15,9455,0,0,0
2022-06-16,7368,0,0,0
2022-06-17,7492,0,0,0
2022-06-18,5102,0,0,0
2022-06-19,4025,0,0,0
2022-06-20,9518,0,0,0
2022-06-21,9399,0,0,0
2022-06-22,8757,0.00011419435879867534,1.96354216131887e-05,0.000629875683852578
2022-06-23,8545,0,0,0
2022-06-24,8115,0.00012322858903265557,2.1285740287927544e-05,0.000682789410429666
2022-06-25,5561,0,0,0
2022-06-26,5559,0,0,0
2022-06-27,11996,0,0,0
2022-06-28,10101,0.000198000198000198,5.2870365753479485e-05,0.0007027395483542865
2022-06-29,9590,0.00010427528675703858,1.788653604412228e-05,0.0005737972199274108
2022-06-30,9249,0,0,0
2022-07-01,8732,0,0,0
2022-07-02,5971,0,0,0
2022-07-03,5470,0,0,0
2022-07-04,7051,0,0,0
2022-07-05,12948,0,0,0
2022-07-06,10482,0,0,0
2022-07-07,8699,0,0,0
2022-07-08,9264,0,0,0
2022-07-09,5677,0,0,0
2022-07-10,6442,0,0,0
2022-07-11,11689,0,0,0
2022-07-12,10009,0,0,0
2022-07-13,9225,0,0,0
2022-07-14,8946,0,0,0
2022-07-15,8151,0,0,0
2022-07-16,6438,0,0,0
2022-07-17,5593,0,0,0
2022-07-18,11016,0,0,0
2022-07-19,9471,0,0,0
2022-07-20,8073,0,0,0
2022-07-21,7966,0,0,0
2022-07-22,8153,0,0,0
2022-07-23,5255,0,0,0
2022-07-24,5437,0,0,0
2022-07-25,10727,0,0,0
2022-07-26,7778,0,0,0
2022-07-27,7349,0,0,0
2022-07-28,6456,0.00015489467162329616,2.633889414406361e-05,0.0008447821893005558
2022-07-29,6588,0,0,0
2022-07-30,5022,0,0,0
2022-07-31,4864,0,0,0
2022-08-01,9586,0,0,0
2022-08-02,7790,0,0,0
2022-08-03,6393,0,0,0
2022-08-04,5634,0,0,0
2022-08-05,5442,0,0,0
2022-08-06,3483,0,0,0
2022-08-07,3448,0,0,0
2022-08-08,7711,0,0,0
2022-08-09,5867,0,0,0
2022-08-10,5662,0,0,0
2022-08-11,6063,0,0,0
2022-08-12,5947,0.00016815200941651252,2.8985812084895214e-05,0.0009296213167909195
2022-08-13,4263,0,0,0
2022-08-14,4040,0,0,0
2022-08-15,7368,0,0,0
2022-08-16,5880,0,0,0
2022-08-17,5774,0,0,0
2022-08-18,5531,0,0,0
2022-08-19,5086,0,0,0
2022-08-20,3635,0,0,0
2022-08-21,3746,0,0,0
2022-08-22,7637,0,0,0
2022-08-23,5190,0,0,0
2022-08-24,4575,0,0,0
2022-08-25,4477,0,0,0
2022-08-26,5075,0,0,0
2022-08-27,4487,0,0,0
2022-08-28,3786,0,0,0
2022-08-29,6977,0,0,0
2022-08-30,5252,0,0,0
2022-08-31,4664,0,0,0
2022-09-01,4116,0,0,0
2022-09-02,3833,0,0,0
2022-09-03,3454,0,0,0
2022-09-04,3617,0,0,0
2022-09-05,4089,0,0,0
2022-09-06,7287,0,0,0
2022-09-07,4942,0,0,0
2022-09-08,4138,0.0002416626389560174,4.164311382500631e-05,0.00133517001066213
2022-09-09,3783,0.0002643404705260375,4.525137281149716e-05,0.0014507376066134297
2022-09-10,3748,0,0,0
2022-09-11,3150,0,0,0
2022-09-12,6968,0,0,0
2022-09-13,6150,0,0,0
2022-09-14,4872,0,0,0
2022-09-15,4749,0.0002105706464518846,3.643436861096375e-05,0.0011683069865201256
2022-09-16,4939,0,0,0
2022-09-17,3259,0,0,0
2022-09-18,2958,0,0,0
2022-09-19,6300,0.00031746031746031746,8.436963777859328e-05,0.0011211324300965107
2022-09-20,5256,0,0,0
2022-09-21,5146,0,0,0
2022-09-22,4565,0.0002190580503833516,3.727293486732992e-05,0.00119517331396934
2022-09-23,4322,0,0,0
2022-09-24,2987,0,0,0
2022-09-25,2764,0,0,0
2022-09-26,6337,0.00015780337699226762,2.6872177567965045e-05,0.0008618758488564051
2022-09-27,4836,0,0,0
2022-09-28,4411,0,0,0
2022-09-29,4214,0.00023730422401518748,4.013755649829267e-05,0.001286943363451212
2022-09-30,3711,0,0,0
2022-10-01,3361,0,0,0
2022-10-02,3052,0,0,0
2022-10-03,5680,0,0,0
2022-10-04,5548,0,0,0
2022-10-05,4867,0.0002054653790836244,3.476941307897271e-05,0.0011149613716792057
2022-10-06,4292,0,0,0
2022-10-07,4522,0,0,0
2022-10-08,3053,0,0,0
2022-10-09,2759,0,0,0
2022-10-10,6356,0.00015733165512901197,2.629965192266064e-05,0.000843524317719506
2022-10-11,5189,0,0,0
2022-10-12,4479,0,0,0
2022-10-13,4531,0,0,0
2022-10-14,4685,0,0,0
2022-10-15,3048,0,0,0
2022-10-16,2599,0,0,0
2022-10-17,6379,0,0,0
2022-10-18,4345,0,0,0
2022-10-19,4292,0,0,0
2022-10-20,3861,0,0,0
2022-10-21,3703,0,0,0
2022-10-22,2329,0,0,0
2022-10-23,2562,0,0,0
2022-10-24,5543,0,0,0
2022-10-25,3624,0.0005518763796909492,0.0001456082156077029,0.0019339275569901168
2022-10-26,4502,0,0,0
2022-10-27,3923,0,0,0
2022-10-28,3702,0,0,0
2022-10-29,2564,0,0,0
2022-10-30,2399,0,0,0
2022-10-31,4615,0,0,0
2022-11-01,4250,0,0,0
2022-11-02,3619,0,0,0
2022-11-03,4059,0,0,0
2022-11-04,3737,0,0,0
2022-11-05,2332,0,0,0
2022-11-06,2547,0,0,0
2022-11-07,4894,0.0002043318348998774,3.4443759993177964e-05,0.0011045268800827413
2022-11-08,4231,0,0,0
2022-11-09,4012,0,0,0
2022-11-10,3707,0,0,0
2022-11-11,3323,0,0,0
2022-11-12,2468,0,0,0
2022-11-13,2259,0,0,0
2022-11-14,5140,0.0001945525291828794,3.252100817886126e-05,0.0010429153594795771
2022-11-15,4093,0,0,0
2022-11-16,4152,0,0,0
2022-11-17,4297,0,0,0
2022-11-18,3429,0,0,0
2022-11-19,2324,0,0,0
2022-11-20,2341,0,0,0
2022-11-21,5299,0,0,0
2022-11-22,4549,0,0,0
2022-11-23,4287,0,0,0
2022-11-24,2682,0,0,0
2022-11-25,4224,0,0,0
2022-11-26,3400,0.0002941176470588235,5.037849282085875e-05,0.0016149190508310553
2022-11-27,3693,0,0,0
2022-11-28,7003,0,0,0
2022-11-29,5403,0,0,0
2022-11-30,5074,0,0,0
2022-12-01,4709,0,0,0
2022-12-02,4919,0,0,0
2022-12-03,2867,0,0,0
2022-12-04,2535,0,0,0
2022-12-05,6691,0.00014945449110745777,2.551650288264139e-05,0.0008184207521969893
2022-12-06,5401,0,0,0
2022-12-07,5266,0,0,0
2022-12-08,5173,0,0,0
2022-12-09,4537,0,0,0
2022-12-10,3113,0,0,0
2022-12-11,3033,0.0003297065611605671,5.68891534991599e-05,0.0018233483198242305
2022-12-12,6879,0.00014536996656490768,2.4740444436653333e-05,0.00079354357520037
2022-12-13,4875,0,0,0
2022-12-14,4835,0,0,0
2022-12-15,4994,0,0,0
2022-12-16,4886,0,0,0
2022-12-17,3378,0,0,0
2022-12-18,3415,0,0,0
2022-12-19,7569,0,0,0
2022-12-20,5160,0,0,0
2022-12-21,5031,0,0,0
2022-12-22,4576,0,0,0
2022-12-23,4368,0,0,0
2022-12-24,2051,0,0,0
2022-12-25,1274,0,0,0
2022-12-26,4137,0,0,0
2022-12-27,5133,0.0001948178453146308,3.2860028719899696e-05,0.001053779131183919
2022-12-28,5551,0,0,0
2022-12-29,4918,0,0,0
2022-12-30,4498,0,0,0
2022-12-31,2659,0,0,0
2023-01-01,1499,0,0,0
2023-01-02,5295,0,0,0
2023-01-03,5406,0,0,0
2023-01-04,4492,0,0,0
2023-01-05,3856,0,0,0
2023-01-06,3864,0,0,0
2023-01-07,2319,0,0,0
2023-01-08,2212,0,0,0
2023-01-09,4886,0,0,0
2023-01-10,3524,0,0,0
2023-01-11,3053,0,0,0
2023-01-12,2815,0,0,0
2023-01-13,2827,0,0,0
2023-01-14,1674,0,0,0
2023-01-15,1712,0,0,0
2023-01-16,3547,0,0,0
2023-01-17,3354,0,0,0
2023-01-18,2847,0,0,0
2023-01-19,2203,0,0,0
2023-01-20,2522,0,0,0
2023-01-21,1693,0,0,0
2023-01-22,1845,0,0,0
2023-01-23,4313,0,0,0
2023-01-24,3088,0,0,0
2023-01-25,2946,0,0,0
2023-01-26,2692,0,0,0
2023-01-27,2867,0,0,0
2023-01-28,1765,0,0,0
2023-01-29,1580,0,0,0
2023-01-30,3996,0,0,0
2023-01-31,3000,0,0,0
2023-02-01,2865,0.00034904013961605586,5.8356107294937036e-05,0.0018703020305225041
2023-02-02,2836,0,0,0
2023-02-03,2840,0,0,0
2023-02-04,1732,0,0,0
2023-02-05,1899,0,0,0
2023-02-06,3856,0,0,0
2023-02-07,3273,0,0,0
2023-02-08,3569,0.0005603810591202018,0.00014584052666279432,0.001937009386597833
2023-02-09,3023,0,0,0
2023-02-10,2860,0,0,0
2023-02-11,1777,0,0,0
2023-02-12,1805,0,0,0
2023-02-13,3795,0,0,0
2023-02-14,3153,0,0,0
2023-02-15,3135,0,0,0
2023-02-16,3399,0,0,0
2023-02-17,2884,0,0,0
2023-02-18,1745,0,0,0
2023-02-19,1685,0,0,0
2023-02-20,3607,0,0,0
2023-02-21,3376,0,0,0
2023-02-22,2881,0,0,0
2023-02-23,3523,0,0,0
2023-02-24,2537,0,0,0
2023-02-25,1621,0,0,0
2023-02-26,1519,0,0,0
2023-02-27,3423,0,0,0
2023-02-28,3307,0.0003023888720895071,5.0930844516189065e-05,0.0016326042194475374
2023-03-01,2964,0,0,0
2023-03-02,3370,0,0,0
2023-03-03,2488,0,0,0
2023-03-04,1560,0,0,0
2023-03-05,1503,0,0,0
2023-03-06,3213,0,0,0
2023-03-07,2858,0.0003498950314905528,5.949692131053525e-05,0.0019068145777609733
2023-03-08,3163,0,0,0
2023-03-09,2292,0,0,0
2023-03-10,2276,0,0,0
2023-03-11,1266,0,0,0
2023-03-12,1260,0,0,0
2023-03-13,3051,0,0,0
2023-03-14,2747,0,0,0
2023-03-15,3038,0,0,0
2023-03-16,2177,0,0,0
2023-03-17,1878,0,0,0
2023-03-18,1142,0,0,0
2023-03-19,1127,0,0,0
2023-03-20,2770,0,0,0
2023-03-21,2304,0,0,0
2023-03-22,2715,0,0,0
2023-03-23,2030,0,0,0
2023-03-24,1917,0,0,0
2023-03-25,1152,0,0,0
2023-03-26,1225,0,0,0
2023-03-27,2319,0,0,0
2023-03-28,1777,0,0,0
2023-03-29,2290,0,0,0
2023-03-30,1655,0,0,0
2023-03-31,1332,0,0,0
2023-04-01,972,0,0,0
2023-04-02,857,0,0,0
2023-04-03,1784,0,0,0
2023-04-04,1426,0,0,0
2023-04-05,1408,0,0,0
2023-04-06,1680,0,0,0
2023-04-07,958,0,0,0
2023-04-08,757,0,0,0
2023-04-09,576,0,0,0
2023-04-10,1408,0,0,0
2023-04-11,1531,0,0,0
2023-04-12,1850,0,0,0
2023-04-13,1203,0,0,0
2023-04-14,1137,0,0,0
2023-04-15,692,0,0,0
2023-04-16,706,0,0,0
2023-04-17,1575,0,0,0
2023-04-18,1062,0,0,0
2023-04-19,1436,0,0,0
2023-04-20,1030,0,0,0
2023-04-21,947,0,0,0
2023-04-22,608,0,0,0
2023-04-23,640,0,0,0
2023-04-24,1350,0,0,0
2023-04-25,1120,0,0,0
2023-04-26,1203,0,0,0
2023-04-27,920,0,0,0
2023-04-28,793,0,0,0
2023-04-29,528,0,0,0
2023-04-30,617,0,0,0
2023-05-01,1160,0,0,0
2023-05-02,1080,0,0,0
2023-05-03,1097,0,0,0
2023-05-04,922,0,0,0
2023-05-05,776,0,0,0
2023-05-06,440,0,0,0
2023-05-07,464,0,0,0
2023-05-08,955,0,0,0
2023-05-09,886,0,0,0
2023-05-10,954,0,0,0
2023-05-11,901,0,0,0
2023-05-12,547,0,0,0
2023-05-13,348,0,0,0
2023-05-14,435,0,0,0
2023-05-15,890,0,0,0
2023-05-16,739,0,0,0
2023-05-17,761,0,0,0
2023-05-18,627,0,0,0
2023-05-19,560,0,0,0
2023-05-20,409,0,0,0
2023-05-21,407,0,0,0
2023-05-22,858,0,0,0
2023-05-23,652,0,0,0
2023-05-24,570,0,0,0
2023-05-25,483,0,0,0
2023-05-26,499,0,0,0
2023-05-27,305,0,0,0
2023-05-28,347,0,0,0
2023-05-29,549,0,0,0
2023-05-30,584,0,0,0
2023-05-31,606,0,0,0
2023-06-01,459,0,0,0
2023-06-02,566,0,0,0
2023-06-03,261,0,0,0
2023-06-04,305,0,0,0
2023-06-05,602,0,0,0
2023-06-06,491,0,0,0
2023-06-07,446,0,0,0
2023-06-08,389,0,0,0
2023-06-09,355,0,0,0
2023-06-10,273,0,0,0
2023-06-11,262,0,0,0
2023-06-12,527,0,0,0
2023-06-13,381,0,0,0
2023-06-14,321,0,0,0
2023-06-15,300,0,0,0
2023-06-16,277,0,0,0
2023-06-17,175,0,0,0
2023-06-18,177,0,0,0
2023-06-19,392,0,0,0
2023-06-20,342,0,0,0
2023-06-21,379,0,0,0
2023-06-22,360,0,0,0
2023-06-23,310,0,0,0
2023-06-24,194,0,0,0
2023-06-25,191,0,0,0
2023-06-26,478,0,0,0
2023-06-27,375,0,0,0
2023-06-28,356,0,0,0
2023-06-29,329,0,0,0
2023-06-30,277,0,0,0
2023-07-01,155,0,0,0
2023-07-02,175,0,0,0
2023-07-03,466,0,0,0
2023-07-04,231,0,0,0
2023-07-05,403,0,0,0
2023-07-06,369,0,0,0
2023-07-07,386,0,0,0
2023-07-08,234,0,0,0
2023-07-09,213,0,0,0
2023-07-10,521,0,0,0
2023-07-11,447,0,0,0
2023-07-12,417,0,0,0
2023-07-13,383,0,0,0
2023-07-14,396,0,0,0
2023-07-15,223,0,0,0
2023-07-16,257,0,0,0
2023-07-17,616,0,0,0
2023-07-18,563,0,0,0
2023-07-19,490,0,0,0
2023-07-20,435,0,0,0
2023-07-21,412,0,0,0
2023-07-22,339,0,0,0
2023-07-23,290,0,0,0
2023-07-24,732,0,0,0
2023-07-25,690,0,0,0
2023-07-26,640,0,0,0
2023-07-27,592,0,0,0
2023-07-28,614,0,0,0
2023-07-29,417,0,0,0
2023-07-30,521,0,0,0
2023-07-31,918,0,0,0
2023-08-01,790,0,0,0
2023-08-02,776,0,0,0
2023-08-03,790,0,0,0
2023-08-04,691,0,0,0
2023-08-05,445,0,0,0
2023-08-06,414,0,0,0
2023-08-07,1174,0,0,0
2023-08-08,1057,0,0,0
2023-08-09,1024,0,0,0
2023-08-10,846,0,0,0
2023-08-11,792,0,0,0
2023-08-12,534,0,0,0
2023-08-13,510,0,0,0
2023-08-14,1207,0,0,0
2023-08-15,959,0,0,0
2023-08-16,1121,0,0,0
2023-08-17,1080,0,0,0
2023-08-18,1015,0,0,0
2023-08-19,645,0,0,0
2023-08-20,594,0,0,0
2023-08-21,1816,0,0,0
2023-08-22,1421,0,0,0
2023-08-23,1415,0,0,0
2023-08-24,1347,0,0,0
2023-08-25,1175,0,0,0
2023-08-26,748,0,0,0
2023-08-27,787,0,0,0
2023-08-28,1781,0,0,0
2023-08-29,1413,0,0,0
2023-08-30,1455,0,0,0
2023-08-31,1091,0,0,0
2023-09-01,1038,0,0,0
2023-09-02,615,0,0,0
2023-09-03,685,0,0,0
2023-09-04,1301,0,0,0
2023-09-05,1592,0,0,0
2023-09-06,1579,0,0,0
2023-09-07,1334,0,0,0
2023-09-08,1280,0,0,0
2023-09-09,855,0,0,0
2023-09-10,813,0,0,0
2023-09-11,1795,0,0,0
2023-09-12,1387,0,0,0
2023-09-13,1333,0,0,0
2023-09-14,1109,0,0,0
2023-09-15,979,0,0,0
2023-09-16,663,0,0,0
2023-09-17,703,0,0,0
2023-09-18,1647,0,0,0
2023-09-19,1451,0,0,0
2023-09-20,1528,0,0,0
2023-09-21,1330,0,0,0
2023-09-22,1117,0,0,0
2023-09-23,736,0,0,0
2023-09-24,769,0,0,0
2023-09-25,1724,0,0,0
2023-09-26,1482,0,0,0
2023-09-27,1356,0,0,0
2023-09-28,1187,0,0,0
2023-09-29,1085,0,0,0
2023-09-30,707,0,0,0
2023-10-01,802,0,0,0
2023-10-02,1695,0,0,0
2023-10-03,1466,0,0,0
2023-10-04,1244,0,0,0
2023-10-05,1179,0,0,0
2023-10-06,1102,0,0,0
2023-10-07,671,0,0,0
2023-10-08,705,0,0,0
2023-10-09,1551,0,0,0
2023-10-10,1369,0,0,0
2023-10-11,1149,0,0,0
2023-10-12,999,0,0,0
2023-10-13,936,0,0,0
2023-10-14,545,0,0,0
2023-10-15,522,0,0,0
2023-10-16,1434,0,0,0
2023-10-17,1083,0,0,0
2023-10-18,1038,0,0,0
2023-10-19,969,0,0,0
2023-10-20,861,0,0,0
2023-10-21,568,0,0,0
2023-10-22,534,0,0,0
2023-10-23,1712,0,0,0
2023-10-24,1130,0,0,0
2023-10-25,1007,0,0,0
2023-10-26,927,0,0,0
2023-10-27,882,0,0,0
2023-10-28,499,0,0,0
2023-10-29,542,0,0,0
2023-10-30,1741,0,0,0
2023-10-31,929,0,0,0
2023-11-01,972,0,0,0
2023-11-02,895,0,0,0
2023-11-03,779,0,0,0
2023-11-04,579,0,0,0
2023-11-05,618,0,0,0
2023-11-06,1823,0,0,0
2023-11-07,1083,0,0,0
2023-11-08,1103,0,0,0
2023-11-09,1013,0,0,0
2023-11-10,850,0,0,0
2023-11-11,572,0,0,0
2023-11-12,637,0,0,0
2023-11-13,1793,0,0,0
2023-11-14,1109,0,0,0
2023-11-15,1015,0,0,0
2023-11-16,822,0,0,0
2023-11-17,813,0,0,0
2023-11-18,577,0,0,0
2023-11-19,630,0,0,0
2023-11-20,2022,0,0,0
2023-11-21,1047,0,0,0
2023-11-22,778,0,0,0
2023-11-23,506,0,0,0
2023-11-24,779,0,0,0
2023-11-25,603,0,0,0
2023-11-26,781,0,0,0
2023-11-27,2664,0,0,0
2023-11-28,1359,0,0,0
2023-11-29,1252,0,0,0
2023-11-30,1010,0,0,0
2023-12-01,1062,0,0,0
2023-12-02,698,0,0,0
2023-12-03,697,0,0,0
2023-12-04,3041,0,0,0
2023-12-05,1394,0,0,0
2023-12-06,1388,0,0,0
2023-12-07,1208,0,0,0
2023-12-08,1013,0,0,0
2023-12-09,671,0,0,0
2023-12-10,818,0,0,0
2023-12-11,2673,0,0,0
2023-12-12,1500,0,0,0
2023-12-13,1529,0,0,0
2023-12-14,1303,0,0,0
2023-12-15,1117,0,0,0
2023-12-16,756,0,0,0
2023-12-17,872,0,0,0
2023-12-18,2527,0,0,0
2023-12-19,1567,0,0,0
2023-12-20,1459,0,0,0
2023-12-21,1230,0,0,0
2023-12-22,1092,0,0,0
2023-12-23,713,0,0,0
2023-12-24,683,0,0,0
2023-12-25,1052,0,0,0
2023-12-26,1556,0,0,0
2023-12-27,1579,0,0,0
2023-12-28,1482,0,0,0
2023-12-29,1298,0,0,0
2023-12-30,772,0,0,0
2023-12-31,801,0,0,0
2024-01-01,1160,0,0,0
2024-01-02,1945,0,0,0
2024-01-03,1653,0,0,0
2024-01-04,1474,0,0,0
2024-01-05,1079,0,0,0
2024-01-06,706,0,0,0
2024-01-07,678,0,0,0
2024-01-08,1748,0,0,0
2024-01-09,1216,0,0,0
2024-01-10,1265,0,0,0
2024-01-11,1282,0,0,0
2024-01-12,951,0,0,0
2024-01-13,641,0,0,0
2024-01-14,651,0,0,0
2024-01-15,1089,0,0,0
2024-01-16,1114,0,0,0
2024-01-17,1124,0,0,0
2024-01-18,985,0,0,0
2024-01-19,712,0,0,0
2024-01-20,541,0,0,0
2024-01-21,632,0,0,0
2024-01-22,1316,0,0,0
2024-01-23,1176,0,0,0
2024-01-24,1121,0,0,0
2024-01-25,963,0,0,0
2024-01-26,746,0,0,0
2024-01-27,478,0,0,0
2024-01-28,446,0,0,0
2024-01-29,1209,0,0,0
2024-01-30,1060,0,0,0
2024-01-31,1014,0,0,0
2024-02-01,912,0,0,0
2024-02-02,781,0,0,0
2024-02-03,492,0,0,0
2024-02-04,457,0,0,0
2024-02-05,1132,0,0,0
2024-02-06,1164,0,0,0
2024-02-07,971,0,0,0
2024-02-08,845,0,0,0
2024-02-09,736,0,0,0
2024-02-10,443,0,0,0
2024-02-11,400,0,0,0
2024-02-12,981,0,0,0
2024-02-13,679,0,0,0
2024-02-14,756,0,0,0
2024-02-15,667,0,0,0
2024-02-16,551,0,0,0
2024-02-17,349,0,0,0
2024-02-18,375,0,0,0
2024-02-19,654,0,0,0
2024-02-20,761,0,0,0
2024-02-21,722,0,0,0
2024-02-22,683,0,0,0
2024-02-23,535,0,0,0
2024-02-24,263,0,0,0
2024-02-25,318,0,0,0
2024-02-26,658,0,0,0
2024-02-27,615,0,0,0
2024-02-28,556,0,0,0
2024-02-29,363,0,0,0
2024-03-01,329,0,0,0
2024-03-02,213,0,0,0
2024-03-03,195,0,0,0
2024-03-04,504,0,0,0
2024-03-05,434,0,0,0
2024-03-06,478,0,0,0
2024-03-07,390,0,0,0
2024-03-08,336,0,0,0
2024-03-09,203,0,0,0
2024-03-10,205,0,0,0
2024-03-11,395,0,0,0
2024-03-12,336,0,0,0
2024-03-13,374,0,0,0
2024-03-14,358,0,0,0
2024-03-15,264,0,0,0
2024-03-16,159,0,0,0
2024-03-17,162,0,0,0
2024-03-18,336,0,0,0
2024-03-19,271,0,0,0
2024-03-20,293,0,0,0
2024-03-21,281,0,0,0
2024-03-22,275,0,0,0
2024-03-23,167,0,0,0
2024-03-24,237,0,0,0
2024-03-25,320,0,0,0
2024-03-26,287,0,0,0
2024-03-27,294,0,0,0
2024-03-28,238,0,0,0
2024-03-29,172,0,0,0
2024-03-30,121,0,0,0
2024-03-31,128,0,0,0
2024-04-01,258,0,0,0
2024-04-02,303,0,0,0
2024-04-03,311,0,0,0
2024-04-04,249,0,0,0
2024-04-05,223,0,0,0
2024-04-06,160,0,0,0
2024-04-07,164,0,0,0
2024-04-08,287,0,0,0
2024-04-09,234,0,0,0
2024-04-10,235,0,0,0
2024-04-11,220,0,0,0
2024-04-12,222,0,0,0
2024-04-13,119,0,0,0
2024-04-14,107,0,0,0
2024-04-15,258,0,0,0
2024-04-16,225,0,0,0
2024-04-17,264,0,0,0
2024-04-18,239,0,0,0
2024-04-19,215,0,0,0
2024-04-20,123,0,0,0
2024-04-21,148,0,0,0
2024-04-22,283,0,0,0
2024-04-23,263,0,0,0
2024-04-24,293,0,0,0
2024-04-25,253,0,0,0
2024-04-26,236,0,0,0
2024-04-27,148,0,0,0
2024-04-28,157,0,0,0
2024-04-29,346,0,0,0
2024-04-30,348,0,0,0
2024-05-01,321,0,0,0
2024-05-02,315,0,0,0
2024-05-03,308,0,0,0
2024-05-04,168,0,0,0
2024-05-05,182,0,0,0
2024-05-06,314,0,0,0
2024-05-07,345,0,0,0
2024-05-08,343,0,0,0
2024-05-09,370,0,0,0
2024-05-10,300,0,0,0
2024-05-11,224,0,0,0
2024-05-12,181,0,0,0
2024-05-13,384,0,0,0
2024-05-14,365,0,0,0
2024-05-15,311,0,0,0
2024-05-16,334,0.0029940119760479044,0.0005088844691584725,0.01614136453210022
2024-05-17,267,0,0,0
2024-05-18,154,0,0,0
2024-05-19,203,0,0,0
2024-05-20,378,0,0,0
2024-05-21,339,0,0,0
2024-05-22,345,0,0,0
2024-05-23,305,0,0,0
2024-05-24,316,0,0,0
2024-05-25,188,0,0,0
2024-05-26,212,0,0,0
2024-05-27,230,0,0,0
2024-05-28,408,0,0,0
2024-05-29,357,0,0,0
2024-05-30,422,0,0,0
2024-05-31,445,0,0,0
2024-06-01,238,0,0,0
2024-06-02,280,0,0,0
2024-06-03,465,0,0,0
2024-06-04,464,0,0,0
2024-06-05,497,0,0,0
2024-06-06,431,0,0,0
2024-06-07,411,0,0,0
2024-06-08,257,0,0,0
2024-06-09,316,0,0,0
2024-06-10,685,0,0,0
2024-06-11,577,0,0,0
2024-06-12,630,0,0,0
2024-06-13,623,0,0,0
2024-06-14,631,0,0,0
2024-06-15,351,0,0,0
2024-06-16,434,0,0,0
2024-06-17,803,0,0,0
2024-06-18,727,0,0,0
2024-06-19,747,0,0,0
2024-06-20,790,0,0,0
2024-06-21,656,0,0,0
2024-06-22,420,0,0,0
2024-06-23,391,0,0,0
2024-06-24,901,0,0,0
2024-06-25,818,0,0,0
2024-06-26,839,0,0,0
2024-06-27,784,0,0,0
2024-06-28,713,0,0,0
2024-06-29,388,0,0,0
2024-06-30,405,0,0,0
2024-07-01,1082,0,0,0
2024-07-02,746,0,0,0
2024-07-03,724,0,0,0
2024-07-04,435,0,0,0
2024-07-05,703,0,0,0
2024-07-06,437,0,0,0
2024-07-07,474,0,0,0
2024-07-08,1155,0,0,0
2024-07-09,922,0,0,0
2024-07-10,841,0,0,0
2024-07-11,716,0,0,0
2024-07-12,743,0,0,0
2024-07-13,405,0,0,0
2024-07-14,467,0,0,0
2024-07-15,1127,0,0,0
2024-07-16,783,0,0,0
2024-07-17,700,0,0,0
2024-07-18,720,0,0,0
2024-07-19,527,0,0,0
2024-07-20,456,0,0,0
2024-07-21,515,0,0,0
2024-07-22,1138,0,0,0
2024-07-23,887,0,0,0
2024-07-24,859,0,0,0
2024-07-25,717,0,0,0
2024-07-26,667,0,0,0
2024-07-27,458,0,0,0
2024-07-28,556,0,0,0
2024-07-29,1200,0,0,0
2024-07-30,768,0,0,0
2024-07-31,816,0,0,0
2024-08-01,717,0,0,0
2024-08-02,662,0,0,0
2024-08-03,408,0,0,0
2024-08-04,488,0,0,0
2024-08-05,1180,0,0,0
2024-08-06,874,0,0,0
2024-08-07,787,0,0,0
2024-08-08,706,0,0,0
2024-08-09,674,0,0,0
2024-08-10,431,0,0,0
2024-08-11,417,0,0,0
2024-08-12,970,0,0,0
2024-08-13,768,0,0,0
2024-08-14,703,0,0,0
2024-08-15,665,0,0,0
2024-08-16,602,0,0,0
2024-08-17,383,0,0,0
2024-08-18,477,0,0,0
2024-08-19,1155,0,0,0
2024-08-20,792,0,0,0
2024-08-21,670,0,0,0
2024-08-22,544,0,0,0
2024-08-23,572,0,0,0
2024-08-24,372,0,0,0
2024-08-25,359,0,0,0
2024-08-26,1094,0,0,0
2024-08-27,759,0,0,0
2024-08-28,649,0,0,0
2024-08-29,635,0,0,0
2024-08-30,500,0,0,0
2024-08-31,291,0,0,0
2024-09-01,312,0,0,0
2024-09-02,781,0,0,0
2024-09-03,762,0,0,0
2024-09-04,677,0,0,0
2024-09-05,596,0,0,0
2024-09-06,520,0,0,0
2024-09-07,286,0,0,0
2024-09-08,361,0,0,0
2024-09-09,902,0,0,0
2024-09-10,637,0,0,0
2024-09-11,605,0,0,0
2024-09-12,634,0,0,0
2024-09-13,495,0,0,0
2024-09-14,339,0,0,0
2024-09-15,358,0,0,0
2024-09-16,835,0,0,0
2024-09-17,688,0,0,0
2024-09-18,653,0,0,0
2024-09-19,519,0,0,0
2024-09-20,390,0,0,0
2024-09-21,235,0,0,0
2024-09-22,343,0,0,0
2024-09-23,727,0,0,0
2024-09-24,508,0,0,0
2024-09-25,448,0,0,0
2024-09-26,407,0,0,0
2024-09-27,341,0,0,0
2024-09-28,226,0,0,0
2024-09-29,236,0,0,0
2024-09-30,776,0,0,0
2024-10-01,436,0,0,0
2024-10-02,386,0,0,0
2024-10-03,333,0,0,0
2024-10-04,284,0,0,0
2024-10-05,193,0,0,0
2024-10-06,215,0,0,0
2024-10-07,717,0,0,0
2024-10-08,429,0,0,0
2024-10-09,342,0,0,0
2024-10-10,314,0,0,0
2024-10-11,278,0,0,0
2024-10-12,142,0,0,0
2024-10-13,183,0,0,0
2024-10-14,564,0,0,0
2024-10-15,338,0,0,0
2024-10-16,328,0,0,0
2024-10-17,251,0,0,0
2024-10-18,200,0,0,0
2024-10-19,140,0,0,0
2024-10-20,168,0,0,0
2024-10-21,463,0,0,0
2024-10-22,323,0,0,0
2024-10-23,278,0,0,0
2024-10-24,244,0,0,0
2024-10-25,226,0,0,0
2024-10-26,126,0,0,0
2024-10-27,167,0,0,0
2024-10-28,506,0,0,0
2024-10-29,286,0,0,0
2024-10-30,279,0,0,0
2024-10-31,238,0,0,0
2024-11-01,241,0,0,0
2024-11-02,116,0,0,0
2024-11-03,139,0,0,0
2024-11-04,457,0,0,0
2024-11-05,278,0,0,0
2024-11-06,303,0,0,0
2024-11-07,227,0,0,0
2024-11-08,186,0,0,0
2024-11-09,102,0,0,0
2024-11-10,116,0,0,0
2024-11-11,342,0,0,0
2024-11-12,239,0,0,0
2024-11-13,245,0,0,0
2024-11-14,243,0,0,0
2024-11-15,199,0,0,0
2024-11-16,116,0,0,0
2024-11-17,140,0,0,0
2024-11-18,401,0,0,0
2024-11-19,241,0,0,0
2024-11-20,227,0,0,0
2024-11-21,211,0,0,0
2024-11-22,212,0,0,0
2024-11-23,111,0,0,0
2024-11-24,139,0,0,0
2024-11-25,449,0,0,0
2024-11-26,285,0,0,0
2024-11-27,221,0,0,0
2024-11-28,148,0,0,0
2024-11-29,158,0,0,0
2024-11-30,136,0,0,0
2024-12-01,172,0,0,0
2024-12-02,485,0,0,0
2024-12-03,337,0,0,0
2024-12-04,260,0,0,0
2024-12-05,257,0,0,0
2024-12-06,205,0,0,0
2024-12-07,176,0,0,0
2024-12-08,163,0,0,0
2024-12-09,471,0,0,0
2024-12-10,341,0,0,0
2024-12-11,293,0,0,0
2024-12-12,264,0,0,0
2024-12-13,267,0,0,0
2024-12-14,146,0,0,0
2024-12-15,165,0,0,0
2024-12-16,468,0,0,0
2024-12-17,308,0,0,0
2024-12-18,326,0,0,0
2024-12-19,276,0,0,0
2024-12-20,272,0,0,0
2024-12-21,143,0,0,0
2024-12-22,164,0,0,0
2024-12-23,402,0,0,0
2024-12-24,285,0,0,0
2024-12-25,156,0,0,0
2024-12-26,352,0,0,0
2024-12-27,329,0,0,0
2024-12-28,256,0,0,0
2024-12-29,274,0,0,0
2024-12-30,475,0,0,0
2024-12-31,321,0,0,0
2025-01-01,213,0,0,0
2025-01-02,367,0,0,0
2025-01-03,307,0,0,0
2025-01-04,206,0,0,0
2025-01-05,226,0,0,0
2025-01-06,422,0,0,0
2025-01-07,368,0,0,0
2025-01-08,286,0,0,0
2025-01-09,279,0,0,0
2025-01-10,207,0,0,0
2025-01-11,125,0,0,0
2025-01-12,176,0,0,0
2025-01-13,382,0,0,0
2025-01-14,288,0,0,0
2025-01-15,269,0,0,0
2025-01-16,268,0,0,0
2025-01-17,231,0,0,0
2025-01-18,127,0,0,0
2025-01-19,134,0,0,0
2025-01-20,315,0,0,0
2025-01-21,325,0,0,0
2025-01-22,271,0,0,0
2025-01-23,285,0,0,0
2025-01-24,199,0,0,0
2025-01-25,117,0,0,0
2025-01-26,137,0,0,0
2025-01-27,295,0,0,0
2025-01-28,221,0,0,0
2025-01-29,194,0,0,0
2025-01-30,185,0,0,0
2025-01-31,184,0,0,0
2025-02-01,134,0,0,0
2025-02-02,142,0,0,0
2025-02-03,349,0,0,0
2025-02-04,328,0,0,0
2025-02-05,239,0,0,0
2025-02-06,207,0,0,0
2025-02-07,184,0,0,0
2025-02-08,133,0,0,0
2025-02-09,130,0,0,0
2025-02-10,316,0,0,0
2025-02-11,230,0,0,0
2025-02-12,202,0,0,0
2025-02-13,187,0,0,0
2025-02-14,198,0,0,0
2025-02-15,142,0,0,0
2025-02-16,116,0,0,0
2025-02-17,279,0,0,0
2025-02-18,218,0,0,0
2025-02-19,198,0,0,0
2025-02-20,211,0,0,0
2025-02-21,154,0,0,0
2025-02-22,111,0,0,0
2025-02-23,77,0,0,0
2025-02-24,269,0,0,0
2025-02-25,206,0,0,0
2025-02-26,202,0,0,0
2025-02-27,188,0,0,0
2025-02-28,137,0,0,0
2025-03-01,73,0,0,0
2025-03-02,93,0,0,0
2025-03-03,250,0,0,0
2025-03-04,176,0,0,0
2025-03-05,152,0,0,0
2025-03-06,173,0,0,0
2025-03-07,153,0,0,0
2025-03-08,81,0,0,0
2025-03-09,87,0,0,0
2025-03-10,183,0,0,0
2025-03-11,151,0,0,0
2025-03-12,115,0,0,0
2025-03-13,131,0,0,0
2025-03-14,83,0,0,0
2025-03-15,52,0,0,0
2025-03-16,41,0,0,0
2025-03-17,92,0,0,0
2025-03-18,44,0,0,0
2025-03-19,42,0,0,0
2025-03-20,36,0,0,0
2025-03-21,30,0,0,0
2025-03-22,20,0,0,0
2025-03-23,20,0,0,0
2025-03-24,17,0,0,0
2025-03-25,15,0,0,0
2025-03-26,7,0,0,0
